26

17 7 2017
15 5 2

25 3 2020
10 5 6

21 7 2025
20 5 3

12 8 2018
20 5 16

12 8 2018
20 5 10

29 2 2016
10 2 3

31 8 2018
20 10 6

31 8 2018
20 15 6

1 1 2018
100 50 30

11 8 2018
5 5 5

12 8 2019
100 30 5

13 8 2018
100 10 90

31 7 2018
65 26 30

11 08 2018
30 20 10

12 07 2018
30 20 10

12 08 2017
30 20 10

13 08 2018
30 20 10

12 09 2018
30 20 10

12 08 2019
30 20 10

20 09 2020
0 0 0

21 08 2025
100 10 0

21 07 2022
100 0 100

21 06 2023
10 0 0

25 3 2020
30 10 22

25 12 2025
10 10 0

10 9 2018
15 5 3