100
9001 10000
9002 10000
9003 10000
9004 10000
9005 10000
9006 10000
9007 10000
9008 10000
9009 10000
9010 10000
9011 10000
9012 10000
9013 10000
9014 10000
9015 10000
9016 10000
9017 10000
9018 10000
9019 10000
9020 10000
9021 10000
9022 10000
9023 10000
9024 10000
9025 10000
9026 10000
9027 10000
9028 10000
9029 10000
9030 10000
9031 10000
9032 10000
9033 10000
9034 10000
9035 10000
9036 10000
9037 10000
9038 10000
9039 10000
9040 10000
9041 10000
9042 10000
9043 10000
9044 10000
9045 10000
9046 10000
9047 10000
9048 10000
9049 10000
9050 10000
9051 10000
9052 10000
9053 10000
9054 10000
9055 10000
9056 10000
9057 10000
9058 10000
9059 10000
9060 10000
9061 10000
9062 10000
9063 10000
9064 10000
9065 10000
9066 10000
9067 10000
9068 10000
9069 10000
9070 10000
9071 10000
9072 10000
9073 10000
9074 10000
9075 10000
9076 10000
9077 10000
9078 10000
9079 10000
9080 10000
9081 10000
9082 10000
9083 10000
9084 10000
9085 10000
9086 10000
9087 10000
9088 10000
9089 10000
9090 10000
9091 10000
9092 10000
9093 10000
9094 10000
9095 10000
9096 10000
9097 10000
9098 10000
9099 10000
9100 10000
