100
518201552 700507766
156884715 3
694129671 963313838
61635921 2
616139824 476223514
148690894 1
346205399 662850570
214936447 1
356498378 783030194
535106055 3
840926620 134967978
382589961 2
885319718 451723118
837309871 14
299461378 961216990
720377126 1
769540111 378016704
51446559 8
45129712 822778681
855944016 2
895677068 725035864
64807665 3
23941007 121813132
554186560 7
248962280 399292712
589329917 3
786674505 116066278
853763566 1
361548971 399109729
960912733 3
417 86
46 11
5283 82
36 27
2923 137
75 20
9367 48
8802 69
43 21
7836 171
86 15
1530 295
95 18
6218 124
16 17
3375 143
85 6
5984 80
79 7
5257 162
20 28
3592 55
17 30
8833 141
34 25
3275 274
62 6
1553 90
36 23
6338 148
63 24
9890 141
79 17
7127 132
41 11
2620 294
3 1
7217 208
54 22
4921 220
63 9
8794 252
2 29
5025 91
61 18
731 250
54 15
1000000000 1000000000
1000000000 1000000000
1000000000 1000000000
703593764 597421280
475224825 828667660
754351618 744661104
378102901 899001213
890430687 72715571
9827900 440551529
851945383 806041910
27955608 255436516
568882180 199474599
582160381 132292125
340439235 728161144
157808495 37791251
999856231 464806656
939946310 186374325
779851409 639837445
644570898 640894890
605643453 505036532
354405716 647083423
523006485 636814760
8371076 95111041
