5
100 99
96 100
26 1
13 2
25 3
53 4
31 5
39 6
9 7
81 8
65 9
18 10
12 11
96 12
92 13
23 14
93 15
73 16
24 17
81 18
71 19
45 20
69 21
93 22
50 23
46 24
51 25
17 26
46 27
66 28
99 29
97 30
9 31
3 32
12 33
9 34
46 35
24 36
28 37
62 38
24 39
85 40
75 41
26 42
53 43
92 44
46 45
65 46
4 47
3 48
57 49
33 50
69 51
17 52
30 53
4 54
81 55
72 56
60 57
68 58
25 59
65 60
84 61
12 62
89 63
70 64
81 65
12 66
26 67
21 68
96 69
73 70
3 71
57 72
15 73
85 74
21 75
85 76
92 77
92 78
36 79
53 80
96 81
84 82
93 83
12 84
19 85
95 86
69 87
17 88
51 89
91 90
65 91
59 92
96 93
59 94
96 95
12 97
66 98
26 99
93 100

100 99
6 49
18 1
49 2
87 3
77 4
88 5
2 6
61 7
65 8
60 9
73 10
90 11
60 12
29 13
8 14
79 15
36 16
55 17
23 18
22 19
58 20
58 21
91 22
58 23
91 24
67 25
76 26
52 27
58 28
8 29
8 30
63 31
49 32
39 33
78 34
24 35
62 36
67 37
89 38
88 39
91 40
75 41
23 42
92 43
3 44
56 45
100 46
46 47
66 48
65 49
43 50
62 52
40 53
60 54
63 55
65 56
69 57
69 58
40 59
62 60
31 61
51 62
51 63
42 64
69 65
10 66
76 67
69 68
51 69
76 70
99 71
25 72
88 73
92 74
51 75
63 76
62 77
91 78
77 79
63 80
10 81
2 82
60 83
20 84
31 85
62 86
63 87
8 88
42 89
28 90
55 91
69 92
58 93
47 94
60 95
20 96
54 97
55 98
29 99
23 100


100 99
58 87
80 1
87 2
2 3
13 4
65 5
29 6
54 7
78 8
60 9
26 10
74 11
50 12
51 13
13 14
44 15
54 16
65 17
50 18
5 19
5 20
18 21
73 22
2 23
85 24
7 25
19 26
28 27
24 28
22 29
23 30
78 31
50 32
95 33
73 34
21 35
85 36
58 37
78 38
15 39
76 40
97 41
22 42
22 43
24 44
65 45
73 46
45 47
22 48
38 49
78 50
76 51
7 52
61 53
73 54
77 55
15 56
65 57
10 58
80 59
57 60
50 61
46 62
31 63
78 64
85 65
74 66
5 67
87 68
61 69
19 70
87 71
26 72
65 73
38 74
85 75
50 76
41 77
85 78
5 79
19 80
20 81
73 82
49 83
61 84
88 86
8 87
73 88
45 89
57 90
30 91
20 92
78 93
13 94
1 95
27 96
50 97
61 98
21 99
60 100

100 99
53 67
6 1
8 2
53 3
94 4
73 5
17 6
53 7
93 8
3 9
23 10
26 11
86 12
28 13
68 14
6 15
91 16
26 17
42 18
61 19
84 20
40 21
91 22
17 23
15 24
89 25
42 26
32 27
16 28
69 29
23 30
16 31
22 32
53 33
8 34
39 35
71 36
62 37
2 38
93 39
7 40
18 41
7 43
62 44
41 45
42 46
11 47
42 48
42 49
85 50
50 51
86 52
6 53
5 54
84 55
15 56
8 57
39 58
70 59
84 60
73 61
39 62
11 63
14 64
38 65
48 66
24 67
53 68
24 69
53 70
24 71
64 72
68 73
91 74
100 75
2 76
16 77
93 78
58 79
97 80
21 81
85 82
73 83
34 84
16 85
62 86
72 87
49 88
40 89
15 90
97 91
10 92
42 93
3 94
13 95
52 96
26 97
3 98
30 99
93 100

100 99
78 98
78 1
37 2
36 3
36 4
44 5
26 6
72 7
41 8
77 9
4 10
88 11
50 12
77 13
26 14
95 15
17 16
78 17
10 18
77 19
30 20
67 21
68 22
26 23
44 24
41 25
68 26
23 27
10 28
65 29
68 30
77 31
52 32
36 33
77 34
58 35
68 36
30 37
37 38
59 39
77 40
33 41
37 42
60 43
1 44
60 45
64 46
62 47
63 48
79 49
75 50
35 51
37 52
30 53
93 54
59 55
70 56
80 57
10 58
68 59
98 60
97 61
97 62
58 63
44 64
30 65
83 66
78 67
80 69
37 70
2 71
23 72
60 73
4 74
36 75
72 76
37 77
75 78
20 79
3 80
6 81
65 82
68 83
41 84
44 85
68 86
81 87
39 88
100 89
23 90
26 91
23 92
55 93
97 94
30 95
41 96
4 97
93 98
10 99
33 100

