10
15 14
8 15
1 2
1 3
2 4
2 5
4 8
4 9
5 10
5 11
3 6
3 7
6 12
6 13
7 14
7 15

15 14
8 14
1 2
1 3
2 4
2 5
4 8
4 9
5 10
5 11
3 6
3 7
6 12
6 13
7 14
7 15

15 14
8 13
1 2
1 3
2 4
2 5
4 8
4 9
5 10
5 11
3 6
3 7
6 12
6 13
7 14
7 15

15 14
9 15
1 2
1 3
2 4
2 5
4 8
4 9
5 10
5 11
3 6
3 7
6 12
6 13
7 14
7 15

15 14
9 13
1 2
1 3
2 4
2 5
4 8
4 9
5 10
5 11
3 6
3 7
6 12
6 13
7 14
7 15

15 14
9 12
1 2
1 3
2 4
2 5
4 8
4 9
5 10
5 11
3 6
3 7
6 12
6 13
7 14
7 15

15 14
8 11
1 2
1 3
2 4
2 5
4 8
4 9
5 10
5 11
3 6
3 7
6 12
6 13
7 14
7 15

15 14
4 6
1 2
1 3
2 4
2 5
4 8
4 9
5 10
5 11
3 6
3 7
6 12
6 13
7 14
7 15

15 14
8 7
1 2
1 3
2 4
2 5
4 8
4 9
5 10
5 11
3 6
3 7
6 12
6 13
7 14
7 15

15 14
9 6 
1 2
1 3
2 4
2 5
4 8
4 9
5 10
5 11
3 6
3 7
6 12
6 13
7 14
7 15